file_id,prob0,prob1,prob2,prob3,prob4,prob5,prob6,prob7
1,0.43844567165691445,0.025950044129101093,0.04045097006644147,0.028243742963258236,0.003186906181173547,0.33651709522860507,0.008580039043340126,0.11862553073116616
2,0.3082264129580719,0.007223611577213971,0.03531385046093088,0.026964222625261495,0.003801602873890695,0.534478172177902,0.02913146687421019,0.054860660452519305
3,0.803077852430576,0.004180092297733513,0.02398837416762009,0.002169755977975028,0.0017639174732655709,0.15046356424332788,0.003919526341221883,0.010436917068280009
4,0.816004438985988,0.010177336216633808,0.02635822961179799,0.014575762692466018,0.0020887489831492084,0.08582692282002068,0.008322492285291049,0.036646068404653544
5,0.9638307691288176,0.0022275599714608875,0.0015702776735774721,0.0011972796355197738,0.0007605250312586577,0.016369572928725155,0.001544602172802065,0.012499413457838249
6,0.7143009189437822,0.004472329409674529,0.025498500317504277,0.0026781440766785345,0.0017894084059544495,0.23548352297745245,0.0043746326214253225,0.01140254324752828
7,0.02690781557428159,0.015543979349816536,0.03906123225521717,0.12002797560517281,0.012602151265169021,0.173989613525403,0.04496967189574371,0.566897560529196
8,0.7820951231351424,0.006864362369399064,0.026067576868557703,0.013605476842478871,0.0030990509833256595,0.11995435949452954,0.015002198444868654,0.03331185186169867
9,0.10093989850755983,0.016771937270063424,0.049959841218676616,0.04677318155129731,0.011527604272124198,0.30496592625615876,0.35396492571466687,0.11509668520945286
10,0.21213157924195428,0.010444261091929226,0.05407583706613339,0.04722511064742266,0.005424103789995015,0.49655013924864333,0.04709709198847792,0.12705187692544417
11,0.10790669346253677,0.008366341245179185,0.04133946072765891,0.03376067296614574,0.004442612209592744,0.6955192122440578,0.03346898458983061,0.07519602255499816
12,0.6880796295451447,0.003887215184600438,0.028940575550420535,0.0030742481008549827,0.0018080118802125604,0.25698074925864484,0.004483481744692915,0.012746088735429564
13,0.8625031212284971,0.0022889754321535555,0.007027255335457661,0.0010459042853734727,0.0008622506311223617,0.11809984818765437,0.002097571797866297,0.006075073101874966
14,0.9660973917203342,0.0002851962812018911,0.010667805560251013,0.000548379689891259,0.0013469536209023644,0.017206611056089567,0.0029190766430227393,0.00092858542830688
15,0.9148313521556823,0.0027718893471295482,0.05207466210022824,0.0014661879159989827,0.0010013050586943843,0.01823374526299506,0.002776364296781716,0.006844493862490031
16,0.5183747964217101,0.008764399510467648,0.04154649277932245,0.02884215932328331,0.004224172770449305,0.2941447596676009,0.0302859888520354,0.07381723067513124
17,0.2092614705300635,0.010833206429122486,0.047298977632062957,0.04191081935067209,0.004060705211874494,0.4786683324217148,0.010500456545411749,0.19746603187907796
18,0.21213157924195428,0.010444261091929226,0.05407583706613339,0.04722511064742266,0.005424103789995015,0.49655013924864333,0.04709709198847792,0.12705187692544417
19,0.6922209612676102,0.005536780433640343,0.026597635109507335,0.003715897867310368,0.0018506089849680126,0.24948849736993275,0.004609087536664334,0.015980531430366898
20,0.8370752402405368,0.0034148292930298463,0.027072124712888217,0.0018571083109293902,0.001754375196684258,0.11615464448165061,0.003638620290613236,0.00903305747366727
21,0.8378789539716914,0.006046271483903327,0.0229498479312568,0.00977725196044575,0.002683959619276711,0.08589343407151706,0.011092383851125244,0.023677897110783892
22,0.027888530635349622,0.012642968057269896,0.04518391166325952,0.022870170296535694,0.00988437115522373,0.04880991560899251,0.7344740108845562,0.09824612169881267
23,0.21213157924195428,0.010444261091929226,0.05407583706613339,0.04722511064742266,0.005424103789995015,0.49655013924864333,0.04709709198847792,0.12705187692544417
24,0.8122290272988754,0.003113240631159347,0.02707864894578167,0.002261615531654352,0.0017763497662610227,0.13984227612038092,0.00373246528754473,0.009966376418342535
25,0.017911424721387747,0.005035690524537238,0.05914929527709152,0.01527589680283071,0.003090107477487216,0.8279918110984025,0.010117407353118611,0.06142836674514437
26,0.026878064576903168,0.005781787702996058,0.045326132022564164,0.013287303263127237,0.0034048062197481184,0.8294071061910464,0.04624703775272205,0.02966776227089248
27,0.706504139967362,0.004476826947332418,0.025572377473443472,0.0027200466312732193,0.0017893838201348147,0.24307483448053535,0.004400918601872243,0.011461472078046202
28,0.6883829137555079,0.004178207421421415,0.02481684361341454,0.0038873273505431846,0.0018500628258537916,0.2546194452362015,0.004576939926873745,0.017688259870184096
29,0.006896009727239339,0.029939542718986068,0.0044267944906985065,0.04454536331161727,0.007672149393057581,0.010299767226343551,0.113264271326689,0.7829561018053687
30,0.0032427568440440142,0.007976987453479592,0.007105830962109127,0.8087882491284237,0.013132673745091706,0.009379038735697643,0.014803411973941501,0.13557105115721294
31,0.007359924550814074,0.006899368547490069,0.8869222631529039,0.00876136850082756,0.005365845388343828,0.05408730163130289,0.01157756595391436,0.019026362274403387
32,0.21213157924195428,0.010444261091929226,0.05407583706613339,0.04722511064742266,0.005424103789995015,0.49655013924864333,0.04709709198847792,0.12705187692544417
33,0.9574195576081046,0.0005829185561997545,0.016888250819176907,0.00043570181116708926,0.0006732543968783362,0.018463025461011147,0.0009943712815901195,0.004542920065872318
34,0.002768780399145405,0.008607632843775229,0.007361857370553369,0.8129009404691163,0.011297014781277053,0.009171332260916206,0.01439127815269697,0.13350116372251952
35,0.706504139967362,0.004476826947332418,0.025572377473443472,0.0027200466312732193,0.0017893838201348147,0.24307483448053535,0.004400918601872243,0.011461472078046202
36,0.21118776038169365,0.01041703978201247,0.053900399793511106,0.047017689977548495,0.005410906704569154,0.49893057577847194,0.04689396897977996,0.12624165860241346
37,0.4507377930645404,0.012852098437602466,0.04652061914371197,0.033192733730415404,0.004629484652991104,0.26926585162602423,0.010246497156778955,0.1725549221879351
38,0.8206346930131971,0.0040399740341208945,0.02361213034262373,0.0020645420808241698,0.0017557031040322643,0.13393865701192012,0.0037981016238370587,0.010156198789444631
39,0.89302184145548,0.0027768120250435623,0.006654720702068351,0.0006116119803033197,0.0008061141593655755,0.08782764894899983,0.00245806511113317,0.005843185617606033
40,0.07290825214481976,0.007579704215786884,0.034590172884788405,0.0352714617175943,0.0055995000569680885,0.7355631813685113,0.028250821586844544,0.08023690602468661
41,0.21265468453454014,0.01044123527372335,0.0540563180442759,0.04718971016922651,0.005421822630737584,0.4962261759492597,0.04706649892834261,0.12694355446989458
42,0.9521592278015327,0.0011352970833555388,0.022038705716472994,0.0005330827650602063,0.000620697654861113,0.017917420866957957,0.001104094940073369,0.0044914731716862
43,0.18156159998462215,0.01110011247571511,0.05341882609522557,0.09606425657427137,0.006154276034611153,0.4784341949249398,0.047967838252665713,0.12529889565794858
44,0.18463967321797678,0.009986395619280074,0.051248056643882205,0.04419563862146391,0.0052117482806274896,0.5460861420825179,0.04402234486218504,0.11461000067206692
45,0.7827138094444274,0.009351412603480434,0.0240698760396192,0.0055174699672670335,0.001901365027400618,0.14925437473626055,0.0043958074291952426,0.02279588475234961
46,0.2121315792392959,0.01044426109202352,0.0540758370660214,0.047225110647666074,0.005424103790064922,0.4965501392396464,0.04709709198861933,0.12705187693666212
47,0.23974585555506475,0.01028537013407468,0.05285734199717478,0.04511091997248356,0.005313894711686003,0.4808440581443057,0.04525272856897993,0.12058983091623024
48,0.7209896065110717,0.004470145323120877,0.025537893991983668,0.0026945775002024277,0.001795061814245256,0.22846619342036464,0.004377232393333464,0.011669289045677713
49,0.12603312020918092,0.011246959918236066,0.04596091701026682,0.1110884617762157,0.006766264208864874,0.5131493792991527,0.07497977625027959,0.11077512132780314
50,0.0033232971511668874,0.008254220235843985,0.007624062837200017,0.7908900072599999,0.012585237576612684,0.009263195454008517,0.015784139145545998,0.1522758403396222
51,0.7630629549463431,0.004077756263412199,0.029910694834752175,0.0024446770975445993,0.0018017465284734476,0.18384023810693248,0.004058850122773542,0.010803082099768454
52,0.2061488225904101,0.010363175436316797,0.052700968244590585,0.047099624058730936,0.005737467942014369,0.46740513034692294,0.07793830709040125,0.13260650429061274
53,0.21213157924195428,0.010444261091929226,0.05407583706613339,0.04722511064742266,0.005424103789995015,0.49655013924864333,0.04709709198847792,0.12705187692544417
54,0.21213157924195428,0.010444261091929226,0.05407583706613339,0.04722511064742266,0.005424103789995015,0.49655013924864333,0.04709709198847792,0.12705187692544417
55,0.005260978846429262,0.007796109870495167,0.9058907833994937,0.0024384337106346204,0.0033561484563215988,0.053460441806171564,0.005240611946056676,0.01655649196439776
56,0.0032999902450965447,0.005402080980353001,0.0045492447397314,0.14906859580877935,0.008948374978517538,0.008792563271482466,0.016985861084026766,0.8029532888920128
57,0.06472918808393746,0.006995778961621752,0.03335348994403037,0.025734693314920083,0.0037710408158523816,0.7909027911142403,0.025352888120455542,0.04916012964494212
58,0.7955901455564972,0.0015451307034516297,0.003417902112052137,0.0005575431435571918,0.0006334525092979263,0.1925526224911679,0.0015659350438275536,0.0041372684401487295
59,0.21213157924195428,0.010444261091929226,0.05407583706613339,0.04722511064742266,0.005424103789995015,0.49655013924864333,0.04709709198847792,0.12705187692544417
60,0.06282384708555167,0.006923981867013384,0.032948702818190734,0.025313506617951616,0.003734012735966659,0.7953211893593445,0.02494365395935122,0.04799110555663034
61,0.007330811124526883,0.00689418017035797,0.8880918981882138,0.008646522847043652,0.005337501338393623,0.053966095131107325,0.011185255960180477,0.018547735240175917
62,0.7973278393062376,0.0067081188485159,0.024937843119921633,0.012667502682000295,0.0030114198941160533,0.11102092886957365,0.014029967580229027,0.030296379699405587
63,0.004065842531870203,0.01733148921851068,0.00610901160203811,0.06428823410875562,0.006901187097141247,0.0074239834967330985,0.11173470487515623,0.782145547069795
64,0.2605868104209242,0.12142727321188584,0.02123112704480353,0.022349386201104948,0.005446233948365855,0.5216359548674934,0.012508397438012468,0.03481481686740982
65,0.9794984798185835,0.0007695786560703755,0.0062053205747301535,0.0007240418054892523,0.000701040117376239,0.0055783419608279455,0.0007104093438708736,0.005812787723051681
66,0.017911424721387747,0.005035690524537238,0.05914929527709152,0.01527589680283071,0.003090107477487216,0.8279918110984025,0.010117407353118611,0.06142836674514437
67,0.6225654908645648,0.00791555255982672,0.034463577505729696,0.021592213046287643,0.003723918761443252,0.23311071506278647,0.023045954514361026,0.05358257768500055
68,0.21213157924121148,0.01044426109191739,0.05407583706606055,0.04722511064734454,0.005424103789989533,0.4965501392499596,0.04709709198839863,0.12705187692511843
69,0.017096003227853505,0.013247969790414175,0.016432342068978915,0.019071553581982613,0.010323668987982714,0.028403399089110794,0.8402065850227136,0.055218478230963416
70,0.012690863511903724,0.01141849666260163,0.0207766457044517,0.5974299033167955,0.023112630870555186,0.042672718892129397,0.033315295730296145,0.25858344531126676
71,0.21178821161106057,0.010460225739626624,0.05408556857811345,0.047272915431314115,0.005435413396300321,0.4952634249922247,0.04713395408445142,0.12856028616690873
72,0.0015432306017009372,0.9208223639611727,0.00112932392836335,0.0175872234475942,0.0041659069399206956,0.0015167687580075096,0.011529908148477524,0.04170527421476265
73,0.8370752402405368,0.0034148292930298463,0.027072124712888217,0.0018571083109293902,0.001754375196684258,0.11615464448165061,0.003638620290613236,0.00903305747366727
74,0.8078246598710515,0.004148393441473416,0.02366780228030088,0.0021356508265113023,0.001762245095519887,0.1462331534271661,0.0039028314086013488,0.010325263649375777
75,0.06331161133910364,0.016690781441094635,0.042743135064844444,0.4811037063421901,0.01336669911026333,0.1931474974135047,0.05071788212735737,0.13891868716164246
76,0.5897153830739701,0.020623726380141785,0.03633599454103191,0.029880529606088252,0.006178842387253417,0.07434281903784688,0.029225310437750483,0.21369739453591718
77,0.0017651785557942041,0.009495484635793826,0.9515929110445951,0.003975020713444473,0.002569753375241504,0.012991801998910873,0.00603727095649,0.01157257871972993
78,0.8215501007843006,0.0032168028080469353,0.029166218085061715,0.0025408238599562744,0.0016835800099519074,0.1261651186090744,0.004198746816050347,0.011478609027557924
79,0.21213157924195428,0.010444261091929226,0.05407583706613339,0.04722511064742266,0.005424103789995015,0.49655013924864333,0.04709709198847792,0.12705187692544417
80,0.008524570762491213,0.012652068560010547,0.020125811408214563,0.5141810799686696,0.010827901004589996,0.044566691615108206,0.204148674632856,0.18497320204805948
81,0.021439787521678057,0.01925293364486512,0.30904003080087583,0.07333486588171327,0.009101040409825942,0.14738657366623312,0.10085856591443453,0.3195862021603739
82,0.010962196087403146,0.03295083173335423,0.017311293569509303,0.0247611613876635,0.007430887825781873,0.018512782139713135,0.07495019763779628,0.813120649618779
83,0.21213157924195428,0.010444261091929226,0.05407583706613339,0.04722511064742266,0.005424103789995015,0.49655013924864333,0.04709709198847792,0.12705187692544417
84,0.9642809684748004,0.0005809082467878287,0.01063725083811614,0.00045558260530383185,0.0006161535587280489,0.017707830200589355,0.0007127655244483833,0.005008540551225978
85,0.06344534649298277,0.006947700742108111,0.03308583882006713,0.025455724997577523,0.0037472485740586083,0.7938511601096198,0.025078958778742246,0.048388021484843634
86,0.21213157924195428,0.010444261091929226,0.05407583706613339,0.04722511064742266,0.005424103789995015,0.49655013924864333,0.04709709198847792,0.12705187692544417
87,0.003932458510680509,0.007858782650533943,0.008013726580781283,0.6592874318260177,0.1060704597054512,0.008255526442781706,0.014433959800663435,0.19214765448309018
88,0.4659935680899382,0.011571565922016802,0.06397585677419526,0.021921724352285264,0.005941803133994547,0.13296935852944597,0.011747226912079186,0.2858788962860452
89,0.005259846834783575,0.9214467398743608,0.002307643181149369,0.00838242075183014,0.004639957880688469,0.00263642720902589,0.009270186337193568,0.04605677793096829
90,0.2127564028934854,0.010443555249443612,0.054060257438270386,0.04718780023139169,0.005422213281143621,0.4960972567908881,0.04706465185965442,0.12696786225572287
91,0.8661238533634911,0.0034871457825134742,0.021205414660081894,0.001645333407116977,0.0017143912631919327,0.0936131669765665,0.003544463761236208,0.008666230785801922
92,0.9227925433960721,0.0016801078401082173,0.048088419247527533,0.0014812534933157909,0.0007401113258776178,0.015555022214941178,0.0017400293738990197,0.007922513108258436
93,0.25650131448155145,0.019476873798535504,0.056592505896496254,0.06042350229781376,0.007133871846292068,0.2501095398650834,0.01458591250615981,0.3351764793080675
94,0.21219976517664363,0.010443806379404397,0.054072535507706736,0.04721941670887748,0.005423793680969488,0.4965145595059614,0.04709212090152781,0.12703400213890925
95,0.4761522851478768,0.009002792159508603,0.04369177862539723,0.03142518871841559,0.004372853084266558,0.3216573624643203,0.03278091257979801,0.0809168272204168
96,0.21213157924195428,0.010444261091929226,0.05407583706613339,0.04722511064742266,0.005424103789995015,0.49655013924864333,0.04709709198847792,0.12705187692544417
97,0.07653000695829718,0.0385604444987619,0.12068293392369026,0.15455410465441308,0.009863664857974092,0.11827969254034833,0.018433338029241745,0.4630958145372737
98,0.2121315792419545,0.010444261091929228,0.05407583706613338,0.047225110647422644,0.005424103789995013,0.4965501392486432,0.04709709198847791,0.12705187692544412
99,0.7143009189437822,0.004472329409674529,0.025498500317504277,0.0026781440766785345,0.0017894084059544495,0.23548352297745245,0.0043746326214253225,0.01140254324752828
100,0.3706948812986525,0.009560350999978227,0.04777433262718895,0.03709651344406384,0.004776932744208632,0.3950532187569499,0.03804882816766533,0.09699494196129248
101,0.2578164463948093,0.0438495181154127,0.039634605057912456,0.0800192224377106,0.007937022915912343,0.06090517250456158,0.036107704663103334,0.47373030791057746
102,0.011872703368241477,0.008695561854108027,0.6243753573035946,0.0029158601344260546,0.0029178849469335077,0.3237180966567791,0.005980629803346977,0.019523905932569585
103,0.09787926002846568,0.08145247627108242,0.02085191315269664,0.0861153306100515,0.007680884670046249,0.16623325855660223,0.017449513128302282,0.5223373635827527
104,0.004031971893479207,0.014812342634293964,0.005199202783258361,0.154013619927304,0.009146960304597598,0.006255012372044616,0.018683895111219033,0.7878569949738036
105,0.011872703368241477,0.008695561854108027,0.6243753573035946,0.0029158601344260546,0.0029178849469335077,0.3237180966567791,0.005980629803346977,0.019523905932569585
106,0.837145127338359,0.0034123776812580824,0.027191964146866286,0.0018552673611362534,0.0017552086493318189,0.11596400600469767,0.0036375574930628007,0.009038491325287727
107,0.001568034833816039,0.006003527013657008,0.004247582372625059,0.7966167695931021,0.07476117652375586,0.005780499997495241,0.011370053566769452,0.09965235609877916
108,0.08976929664199455,0.01384631162325353,0.047633261074873,0.2033200286447714,0.009147599256800108,0.3196637487809351,0.050015300486615566,0.2666044534907569
109,0.02935892712795028,0.015772619822017,0.03622090464257189,0.0502557098945868,0.011271803864589066,0.04110000910585562,0.043113857567080784,0.7729061679753487
110,0.8167536736501353,0.0028462355436155657,0.07680758278034494,0.002145591098801211,0.002226339068205909,0.0886566277835029,0.0038543182383641585,0.006709631837030137
111,0.21213157924195428,0.010444261091929226,0.05407583706613339,0.04722511064742266,0.005424103789995015,0.49655013924864333,0.04709709198847792,0.12705187692544417
112,0.007492889115920753,0.00804544110345787,0.012586333965044133,0.14683589281237613,0.007664165879942667,0.02588066562964279,0.01871214218368841,0.7727824693099274
113,0.706504139967362,0.004476826947332418,0.025572377473443472,0.0027200466312732193,0.0017893838201348147,0.24307483448053535,0.004400918601872243,0.011461472078046202
114,0.06414010856749508,0.006893254660337711,0.03354517404100682,0.02569336408977711,0.003706745136933126,0.7833264132431623,0.03031213729700723,0.05238280296428103
115,0.029136950363840723,0.0008765015726923245,0.04312840943096697,0.008665245748324753,0.002129922882731518,0.8811416064121078,0.010309358394538615,0.024612005194797497
116,0.21213157924195428,0.010444261091929226,0.05407583706613339,0.04722511064742266,0.005424103789995015,0.49655013924864333,0.04709709198847792,0.12705187692544417
117,0.8206346930131971,0.0040399740341208945,0.02361213034262373,0.0020645420808241698,0.0017557031040322643,0.13393865701192012,0.0037981016238370587,0.010156198789444631
118,0.5319981048292484,0.009301529031472829,0.04449546465083912,0.009638489362687174,0.002109493452973135,0.3613129297666342,0.0058073957138948884,0.03533659319225036
119,0.7177013384713328,0.004983564883619977,0.027700217147844326,0.0037390969405276336,0.0018500886397795281,0.22398597850062876,0.0044769472170208624,0.01556276819924631
120,0.706504139967362,0.004476826947332418,0.025572377473443472,0.0027200466312732193,0.0017893838201348147,0.24307483448053535,0.004400918601872243,0.011461472078046202
121,0.8196451819609032,0.003221499097404848,0.029185004748432872,0.0025273890764713055,0.0016834451920551957,0.12806499734482416,0.0041823720532633245,0.011490110526645305
122,0.09111461443542246,0.007901088706472395,0.03853051518562859,0.030890220004971238,0.004219788657342942,0.7312193798622517,0.030589294436812242,0.06553509871109851
123,0.9003978213080862,0.0004981954772332232,0.011175327990286353,0.0006447989385322478,0.0014447003463330928,0.08047714968747377,0.002189427382656686,0.003172578869398678
124,0.018550142425794284,0.004826910037881237,0.04866546077295128,0.011913837354788149,0.002888170183602913,0.8569574543892433,0.030364662636303042,0.025833362199435394
125,0.03440017496043753,0.0063141047716257555,0.027105709069482287,0.021774774696140017,0.006282588717708447,0.8228006041124523,0.021352109753810987,0.05996993391834286
126,0.21830306436474245,0.010408770009595333,0.05380444121345551,0.0467444898813341,0.005399458588621713,0.49307828555629957,0.04668057128560497,0.1255809191003461
127,0.21213157924195428,0.010444261091929226,0.05407583706613339,0.04722511064742266,0.005424103789995015,0.49655013924864333,0.04709709198847792,0.12705187692544417
128,0.192428869084791,0.004263349569188996,0.04403450979766619,0.009097613952932087,0.0019349999443727742,0.7184474377719532,0.012154431352903353,0.017638788526192415
129,0.37853018748773853,0.005158086666704482,0.019407356417683527,0.02408795023422333,0.0018483309045521333,0.5122324736498577,0.008442274053012346,0.050293340586228356
130,0.575256175368727,0.014840795588497841,0.031864823907037064,0.010515943255284828,0.0022152458054682804,0.3185437134170032,0.005767364927120014,0.0409959377308618
131,0.024836971662972218,0.016444011563851658,0.027666695806763567,0.04079006095617779,0.011483589168368318,0.04953264627223124,0.06907878806370052,0.7601672365059344
132,0.5152990122348406,0.011860819766526396,0.03423508437472096,0.01345762080311364,0.00596137980967257,0.13263228516369427,0.1853600703033984,0.10119372754403234
133,0.9617402890537804,0.0004546623828462461,0.015484649097579012,0.0003795516811165967,0.0006459147474870094,0.016775547798656244,0.0009667094836342921,0.0035526757549002937
134,0.6846497409520312,0.004526360937996422,0.02611386604841428,0.0030073797690186965,0.0018077941967978366,0.26269214552074766,0.004563995336499052,0.012638717238495155
135,0.19008655099522057,0.011184948430896503,0.05341052602691496,0.04912232470321518,0.006034749730154864,0.43405879719900486,0.04814502090703269,0.20795708200756066
136,0.0018341678925692354,0.004710314732027023,0.958927669104227,0.001435622762516093,0.0024623281274915097,0.005840750460658243,0.003983589673494302,0.020805557247016573
137,0.891739755646566,0.0033437364918718344,0.0057111802503077465,0.0006225894176461513,0.0007802733413443459,0.08930255925714715,0.0022244396532862466,0.006275465941830728
138,0.004435519058376828,0.011573130113394352,0.012523900222182567,0.04493169473879981,0.008544958871695917,0.013068092299276005,0.12681933653688485,0.7781033681593897
139,0.8050769700934324,0.0023796497257817574,0.021890884042796512,0.0018833773356564958,0.0015344292179729413,0.15641367940245385,0.0031228431116335094,0.007698167070272846
140,0.22193596859889583,0.01050221149787061,0.048374718129224684,0.0439638293207251,0.005740022318785402,0.4766072824770811,0.09044450015229158,0.1024314675051255
141,0.017911424721387747,0.005035690524537238,0.05914929527709152,0.01527589680283071,0.003090107477487216,0.8279918110984025,0.010117407353118611,0.06142836674514437
142,0.08592509073310478,0.02002058839634844,0.21329357695374399,0.07205030248431492,0.0076549872510677025,0.047992542991910005,0.019982370997387804,0.5330805401921231
143,0.006864961807090564,0.011760034348739373,0.02245189281221219,0.048242645496043964,0.00978731188851148,0.02544426549562377,0.8223062488672926,0.05314263928448596
144,0.004754442172632637,0.018071156386632647,0.012364869170545748,0.04518694209781612,0.008772945784773155,0.024617674518105488,0.11756087251707734,0.7686710973524169
145,0.21207587818142992,0.010443373360714945,0.05407037761753801,0.04721924752048746,0.005423691883429545,0.49664886593595337,0.04709114060352324,0.12702742489692342
146,0.8192682763848357,0.0034291001093762373,0.03712517062209584,0.0015237987963283353,0.0017639860930690708,0.12374853337665084,0.0037907618680018363,0.0093503727496417
147,0.21213157924195428,0.010444261091929226,0.05407583706613339,0.04722511064742266,0.005424103789995015,0.49655013924864333,0.04709709198847792,0.12705187692544417
148,0.1721086296897909,0.009852640346267181,0.049942291373702104,0.04308692338342838,0.005165447895817612,0.5592692482593875,0.042819929788136465,0.11775488926346951
149,0.21213199012184417,0.010444260407330508,0.054075809437357486,0.047225082393066956,0.005424103646115038,0.4965495372939788,0.04709711585485524,0.12705210084545213
150,0.10115075230509349,0.007176983444115323,0.03257737592775023,0.024012052628259235,0.003915343920644767,0.7623059910123761,0.023990082819175,0.04487141794258559
151,0.8270320008228265,0.003204825426483036,0.02911244562584254,0.0025861723008280295,0.0016841422944388774,0.12067470542152373,0.0042523345520710494,0.01145337355598634
152,0.018314900809123638,0.007205673657316378,0.03941337673877877,0.08673844375990039,0.007281214543100475,0.18387368458815825,0.0339699449535258,0.623202760950096
153,0.03953320539869495,0.006459982901477214,0.056975331700903804,0.02248189320064724,0.003541500332395699,0.7857193580337155,0.027173411013034936,0.058115317419130404
154,0.21213157924194234,0.010444261091929407,0.05407583706618065,0.04722511064742001,0.00542410378999518,0.49655013924861646,0.04709709198847598,0.12705187692544012
155,0.9195983233108088,0.0019063298541398745,0.05018146605963359,0.00158091627271578,0.0007562129860843223,0.015559447911150794,0.0017458236577218842,0.008671479947745054
156,0.9376550700330312,0.0007907394097918087,0.0012911122162508977,0.00028073446596371936,0.0006601579787784483,0.05533107310987828,0.0012265507060548364,0.002764562080250935
157,0.026532239308458935,0.0009353095084333509,0.042069919040971585,0.011159671446337022,0.002561966728974315,0.8678461269130167,0.010856362291292687,0.038038404762515646
158,0.6902060646340887,0.004723024002194274,0.02632921632308529,0.0035310510058506133,0.001840228453430714,0.2536357126372612,0.004582734721575767,0.01515196822251371
159,0.19543284087520557,0.010199542649737542,0.05348789960981804,0.0452842538398634,0.0053216640016769045,0.5235267049572692,0.04604883972456581,0.12069825434186408
160,0.05918566417651603,0.006782724887208344,0.03211723251338986,0.024521874138564787,0.003664883959552785,0.8039557609810554,0.024117864645661197,0.04565399469805223
161,0.837145127338359,0.0034123776812580824,0.027191964146866286,0.0018552673611362534,0.0017552086493318189,0.11596400600469767,0.0036375574930628007,0.009038491325287727
162,0.01194650542280473,0.01257531534571216,0.014107223565029268,0.016897982793557236,0.009817483937203155,0.022146303744473416,0.8506263550544062,0.061882830136813755
163,0.7842159881747012,0.002570923795966448,0.02708637407918528,0.0020781323810831146,0.001703591480591784,0.17083857198330651,0.003958348003626819,0.007548070101538509
164,0.013091981893226393,0.013730126468327507,0.025881891554671913,0.04778356600510739,0.009937126085432717,0.02899805796607277,0.09740669049047147,0.7631705595366903
165,0.8252430897824519,0.0032084718337180396,0.029129952407675228,0.00257020278158829,0.0016839293827893042,0.12247039834867897,0.0042337179487869645,0.011460237514311335
166,0.8242992949962106,0.004158582864648265,0.03581579010056969,0.0014315513933606584,0.0017626652303178384,0.1195653107350132,0.003768473621322365,0.00919833105855749
167,0.00750412042181987,0.007860830912400597,0.8006370214695004,0.005261755475339165,0.003341423109746609,0.15369901016483978,0.006087354131281233,0.015608484315072384
168,0.06420364502402519,0.016304470800845936,0.045519743422352,0.07272196969209693,0.011096956543859518,0.1267265397605719,0.07345057922968934,0.589976095526559
169,0.8685159564267886,0.0031790309397323694,0.02294020019122926,0.00192185791308743,0.0017460279607469608,0.08837979812370937,0.003546919750010325,0.009770208694696018
170,0.21213157924195428,0.010444261091929226,0.05407583706613339,0.04722511064742266,0.005424103789995015,0.49655013924864333,0.04709709198847792,0.12705187692544417
171,0.06398407990970813,0.00696599889607444,0.033184007248989636,0.025537639564778836,0.003758993095622032,0.792753188218363,0.02515539855310733,0.04866069451335632
172,0.35412926048271154,0.009615944830794868,0.04768987828503982,0.03716250331968208,0.004851281958215143,0.41160845909505445,0.03808178054021345,0.09686089148828875
173,0.6486560792308741,0.00794393886575952,0.03473778474553563,0.021383966187123474,0.0037135608094144884,0.2072092402251778,0.02296551560658658,0.053389914329528367
174,0.041722025550648925,0.01817417957781124,0.03864039369628915,0.039624370724428266,0.013481559765237237,0.0974594408531979,0.6614418627637029,0.0894561670686845
175,0.6524455909607094,0.004788975760600548,0.027523238275318135,0.003689441819694113,0.0018283447502748776,0.2900007567440535,0.0047074738317621784,0.015016177857587418
176,0.02376868323355228,0.013207211376266622,0.017943882125589363,0.019765118716872667,0.010174106044422216,0.06090835245784053,0.799139999573842,0.055092646471614215
177,0.8466409750832176,0.00474103792435187,0.047051442323362065,0.001204788759974195,0.0018046101674434266,0.0831699289999459,0.0037885550914877036,0.011598661650217253
178,0.001056216201729934,0.002658213285525286,0.9775627248094784,0.002685073946688352,0.002139087779101024,0.001953734635662643,0.004598020363440608,0.007346928978373963
179,0.01558050460916664,0.0020660976106977903,0.06196690163599357,0.017088187619559415,0.002267288517182362,0.8632166632826419,0.006393713851062604,0.03142064287369534
180,0.8377462552797174,0.006091168419493372,0.02023173524665636,0.008773497779480912,0.0026672678386387965,0.09586436918974647,0.010044709484473566,0.018580996761793016
181,0.004338391908505396,0.026299170069176737,0.010738467869710036,0.14509252350183685,0.007518874757315474,0.015110863923152024,0.042402268792960475,0.7484994391773432
182,0.00527504238893967,0.9206331270994151,0.002328581391533103,0.008492731451279996,0.004641461444206513,0.002645071342363054,0.009323679817273523,0.04666030506498899
183,0.21213155748338608,0.010444260745236064,0.054075834935093506,0.0472251083590862,0.005424103629306961,0.4965501777912332,0.047097089667050306,0.12705186738960778
184,0.011872703368241477,0.008695561854108027,0.6243753573035946,0.0029158601344260546,0.0029178849469335077,0.3237180966567791,0.005980629803346977,0.019523905932569585
185,0.7685920238942334,0.004053917168396888,0.0296528489316435,0.002407191121148566,0.0018005696456502105,0.17875675016211304,0.0040353663315367055,0.010701332745277637
186,0.29886863660499524,0.006429229162340001,0.02585559965463236,0.008180651083037298,0.001944060406659339,0.6277343441391243,0.006040141885545435,0.02494733706366579
187,0.8499703309133031,0.0021148287541717286,0.0539620966564713,0.0013029658623187673,0.0016308775586165035,0.08381449810152627,0.0032812188466466875,0.0039231833069462135
188,0.9251061462106974,0.00034539087043972334,0.0011410759688297806,0.0001700899780922004,0.0006175244559985842,0.070626699542052,0.0007947132136794894,0.0011983597602109632
189,0.007274923313082726,0.011560587845772043,0.008365550164438724,0.01085324808628311,0.00948511525537556,0.02081067450289343,0.8946428088978012,0.0370070919343528
190,0.8304967736935913,0.0031985431046972273,0.029078614655924345,0.002620740368939277,0.0016846413466742296,0.11718449757670661,0.004291882321839514,0.011444306931627577
191,0.009895111502380344,0.9167268856902745,0.005230241614532675,0.012877575935773116,0.006021697494020902,0.01103996503215913,0.015101801080050591,0.023106721650808862
192,0.26191603613865583,0.009057632554247347,0.027420945051399543,0.00939567670595694,0.0020291100569309493,0.6575780632134033,0.006561269626286384,0.026041266653119552
193,0.0036910846869829144,0.00981267971559547,0.010957997193394265,0.7127436358399114,0.010918752859250182,0.01082821911359288,0.019582955125378512,0.2214646754658944
194,0.004454940290058699,0.009556809477877367,0.018672407613773912,0.14253109757502921,0.00901412876098879,0.009222383728957718,0.020805603389296223,0.7857426291640176
195,0.6652791508015745,0.004556290463250687,0.0264134893326717,0.003177957766236858,0.0018159452143988466,0.2809419114555044,0.004664232480329346,0.013151022486033797
196,0.12812255628328834,0.011152304991650994,0.048511983284120735,0.08534015522830248,0.0064442155909886075,0.5291753267868281,0.0499283453957775,0.14132511243904322
197,0.9107744670020913,0.004845141415464015,0.007478099498295141,0.006011075563384253,0.0012951264624754396,0.030549586834360907,0.003602118131954587,0.03544438509197407
198,0.21719808353231274,0.010468542895380994,0.05404314311443817,0.0473119173689585,0.005540088153835504,0.49126001897593136,0.04696569153323482,0.1272125144259077
199,0.621848701028265,0.007314075809970915,0.026875289903436714,0.004616711575799252,0.0018667845538992195,0.31453334088671303,0.005024556678034711,0.017920539563880955
200,0.9564963782366602,0.0004709543671314612,0.016843257787527138,0.0004353699302886589,0.0006712322679483758,0.01967699370317932,0.0010163416162086445,0.004389472091055859
201,0.05338930333178307,0.007949168685745904,0.0744303960341442,0.07598304957120501,0.008692637153355451,0.20356479951469172,0.14790400087294434,0.42808664483613046
202,0.7720090096801241,0.0037645360312334192,0.01861815661791716,0.0022640946743922308,0.0016197335026519218,0.1840144786170901,0.003942501905047164,0.013767488971543751
203,0.21213157924195428,0.010444261091929226,0.05407583706613339,0.04722511064742266,0.005424103789995015,0.49655013924864333,0.04709709198847792,0.12705187692544417
204,0.8339791079448785,0.0043718498197621155,0.0417474065606868,0.004710290540053382,0.001854302611621487,0.07304700269539878,0.003920490645406426,0.036369549182192255
205,0.7649545109983742,0.004902408234601041,0.005145660825240667,0.000834634009260558,0.000812841636261414,0.21681741568221777,0.002563403235617183,0.003969125378427121
206,0.02003279159679123,0.015338480347492552,0.0223613438798927,0.036526167117442394,0.009927155547195301,0.04415863071583554,0.12615824021810573,0.7254971905772447
207,0.004743261709021376,0.016446069549833336,0.013663791436277476,0.05403785199118892,0.006634254700119683,0.017352862200549667,0.114237687037961,0.7728842213750484
208,0.004514431733236601,0.008354262995011352,0.006965142774397805,0.15098100983341095,0.008711280970340745,0.01633587957972538,0.016681283435314637,0.7874567086785624
209,0.9018954572356203,0.0027012908813824252,0.022742528402362773,0.001593209949067672,0.0016958800533634299,0.05435234779815995,0.0034665134081675623,0.011552772271876056
210,0.9816651386128628,0.0006754967710278977,0.005991165662867882,0.0006440624985700326,0.0007081892855365801,0.004733247474800168,0.0007048126687441581,0.004877887025590942
211,0.25740240650941965,0.037744711871918524,0.015053279508449724,0.02802778839162682,0.007144594987828525,0.03420821845124107,0.017287967774792874,0.6031310325047227
212,0.6524455909607094,0.004788975760600548,0.027523238275318135,0.003689441819694113,0.0018283447502748776,0.2900007567440535,0.0047074738317621784,0.015016177857587418
213,0.6447521296479349,0.006073731948012993,0.0489734850993013,0.003768929475569093,0.0017020438282863333,0.27855920090619113,0.00402969780889017,0.012140781285813956
214,0.005882892990189316,0.0010999105214850678,0.9075721634662465,0.003850116910992453,0.003117987604827134,0.018692767625788566,0.007147634455458987,0.05263652642501198
215,0.4507377930645404,0.012852098437602466,0.04652061914371197,0.033192733730415404,0.004629484652991104,0.26926585162602423,0.010246497156778955,0.1725549221879351
216,0.6968004253089275,0.010190191216930454,0.07636058922320564,0.006382155350022473,0.0033803551478469775,0.10292047743478877,0.0072245523275527735,0.09674125399072535
217,0.0015851550157012031,0.9187158822474987,0.0011580613544322294,0.018124778841127398,0.0041441442523825695,0.0015609443332025687,0.011934942244049573,0.042776091711605464
218,0.004235652621518487,0.012009811575865694,0.010680690033930488,0.01491861137512204,0.0098480487888363,0.007191977824031801,0.8652032033775986,0.07591200440309671
219,0.4673529106973354,0.006226263330880745,0.030227835869577325,0.006841298121383884,0.0019055949815224421,0.46026475462534255,0.005356121852899938,0.021825220521057627
220,0.029128067870082642,0.01309919400387057,0.020664637925318446,0.08118932722328612,0.02450609789543947,0.04019203138369773,0.05161226528359582,0.7396083784147091
221,0.9523395600017247,0.012498425756597471,0.011740669682654208,0.001829468450199274,0.0007916027446215902,0.010312501533492233,0.0017957023612431497,0.008692069469467989
222,0.0045774677754822305,0.010644306116297148,0.013908578202517369,0.31072148946315314,0.009501894089414448,0.009907949657753932,0.024265704609978234,0.6164726100854033
223,0.0018746735939105701,0.006462552287245627,0.0050380987479448245,0.7768323251110892,0.07448222656519386,0.005231455972236086,0.013780421670081271,0.11629824605229848
224,0.8844440518212582,0.0019755857022131845,0.023741427360204785,0.000702804686331507,0.0012164779737296066,0.08024477732165412,0.0029838976095775023,0.004690977525031195
225,0.07296493998909898,0.007309055720962521,0.03511436184797569,0.027467131600619272,0.003927859894230138,0.7716114871330513,0.027109737710287393,0.05449542610377423
226,0.21213157924195428,0.010444261091929226,0.05407583706613339,0.04722511064742266,0.005424103789995015,0.49655013924864333,0.04709709198847792,0.12705187692544417
227,0.01551374957743915,0.012779903628672054,0.06329783281163048,0.03249862084728601,0.009420730441275019,0.1505778245171345,0.11921352805037397,0.5966978101261883
228,0.2816750634050926,0.009690566380722519,0.04943659195123074,0.044631282980298385,0.005022226797169259,0.4572953023374775,0.041927576512311646,0.11032138963569693
229,0.2989493189522518,0.005541296237345895,0.0278893657145372,0.008700393488376415,0.0019356540201177332,0.6251118741655417,0.005854876826226003,0.026017220595602943
230,0.21430298096719838,0.010428683805664583,0.053977638341978176,0.047016251983489,0.005411668632712528,0.49557044789116006,0.0469121103432203,0.1263802180345766
231,0.660896288124845,0.00884539597780327,0.033200778102901375,0.004890992648565711,0.0019132887662077324,0.2651747293138285,0.004883216280130647,0.020195310785717818
232,0.06197182002196652,0.008076904112900225,0.554369452685356,0.019931446225631432,0.0055141088504832856,0.2577654600814975,0.022144644452686973,0.07022616356947817
233,0.9795448209710794,0.000783042980243838,0.0068750504970809066,0.0007183131443918699,0.0006967198530841973,0.005193638073424138,0.0007450635356065467,0.005443350945088638
234,0.16961099237025629,0.015332805032931312,0.18569267804305536,0.058539686115971004,0.008346502416519047,0.30359807042191606,0.04789535002102119,0.21098391557832977
235,0.7931252803407867,0.006754140843419066,0.025298929632074738,0.012950920973793445,0.0030350126744532867,0.11355155422214724,0.014331717567428176,0.03095244374589783
236,0.02715698044089198,0.0010820347570687865,0.04530211285661056,0.011119984142270695,0.00238947740348246,0.8689753303215814,0.009913821806477546,0.03406025827161688
237,0.8355323341854345,0.003926477985050919,0.056337572198372717,0.007799712118287409,0.0017713395192966164,0.06801583272463468,0.006152407840647365,0.020464323428275668
